# relative_time, cycles_done, cur_item, corpus_count, pending_total, pending_favs, map_size, saved_crashes, saved_hangs, max_depth, execs_per_sec, total_execs, edges_found
62, 0, 2, 18, 18, 3, 0.18%, 2, 2, 2, 36.80, 1079, 119
67, 0, 2, 19, 19, 3, 0.18%, 2, 2, 2, 7.97, 1185, 119
73, 0, 2, 21, 21, 3, 0.18%, 2, 2, 2, 17.94, 1293, 119
78, 0, 2, 22, 22, 3, 0.18%, 2, 2, 2, 21.18, 1403, 120
83, 0, 2, 23, 23, 3, 0.18%, 2, 2, 2, 22.63, 1520, 120
88, 0, 2, 24, 24, 3, 0.18%, 2, 2, 2, 27.26, 1659, 120
93, 0, 2, 24, 24, 3, 0.18%, 2, 2, 2, 35.80, 1859, 120
98, 0, 2, 25, 25, 3, 0.18%, 2, 2, 2, 31.99, 2012, 120
104, 0, 2, 26, 26, 3, 0.18%, 2, 2, 2, 21.01, 2102, 120
109, 0, 2, 27, 27, 3, 0.18%, 2, 2, 2, 18.48, 2193, 120
114, 0, 2, 28, 28, 3, 0.18%, 3, 2, 2, 25.48, 2331, 120
119, 0, 2, 28, 28, 3, 0.18%, 3, 2, 2, 27.63, 2464, 120
124, 0, 2, 28, 28, 3, 0.18%, 3, 2, 2, 26.35, 2580, 120
130, 0, 2, 29, 29, 3, 0.18%, 3, 2, 2, 22.92, 2690, 120
135, 0, 2, 29, 29, 3, 0.18%, 3, 3, 2, 28.90, 2808, 120
140, 0, 2, 29, 29, 3, 0.18%, 3, 3, 2, 23.14, 2901, 120
145, 0, 2, 29, 29, 3, 0.18%, 3, 3, 2, 10.27, 3022, 120
150, 0, 2, 29, 29, 3, 0.18%, 3, 3, 2, 18.01, 3127, 120
159, 0, 2, 29, 29, 3, 0.18%, 3, 3, 2, 0.19, 3155, 120
164, 0, 2, 29, 29, 3, 0.18%, 3, 3, 2, 14.88, 3201, 120
170, 0, 2, 29, 29, 3, 0.18%, 3, 3, 2, 19.16, 3315, 120
175, 0, 21, 31, 30, 8, 0.19%, 3, 3, 3, 22.91, 3430, 126
180, 0, 21, 34, 33, 8, 0.28%, 4, 3, 3, 24.05, 3544, 186
185, 0, 21, 36, 35, 8, 0.29%, 4, 3, 3, 32.90, 3706, 187
190, 0, 21, 37, 36, 8, 0.29%, 6, 3, 3, 19.64, 3795, 187
195, 0, 21, 38, 37, 8, 0.29%, 6, 3, 3, 21.59, 3893, 187
201, 0, 21, 38, 37, 8, 0.29%, 8, 3, 3, 10.78, 3992, 187
206, 0, 21, 39, 38, 8, 0.29%, 8, 3, 3, 17.48, 4087, 187
211, 0, 21, 39, 38, 8, 0.29%, 8, 3, 3, 28.79, 4233, 187
216, 0, 21, 41, 40, 8, 0.29%, 9, 3, 3, 22.19, 4317, 187
221, 0, 21, 42, 41, 8, 0.29%, 11, 3, 3, 22.70, 4427, 188
226, 0, 21, 45, 44, 8, 0.29%, 11, 3, 3, 31.19, 4574, 189
232, 0, 21, 45, 44, 8, 0.29%, 11, 3, 3, 31.87, 4760, 189
237, 0, 21, 45, 44, 8, 0.29%, 11, 3, 3, 30.88, 4925, 189
242, 0, 21, 46, 45, 8, 0.31%, 12, 3, 3, 36.57, 5095, 206
247, 0, 21, 47, 46, 8, 0.32%, 12, 3, 3, 51.87, 5226, 208
252, 0, 21, 47, 46, 8, 0.32%, 12, 3, 3, 42.20, 5398, 208
257, 0, 21, 47, 46, 8, 0.32%, 12, 3, 3, 34.45, 5580, 208
263, 0, 21, 48, 47, 8, 0.32%, 12, 4, 3, 23.37, 5664, 208
268, 0, 21, 49, 48, 8, 0.32%, 12, 4, 3, 31.69, 5817, 208
273, 0, 21, 49, 48, 8, 0.32%, 12, 4, 3, 32.67, 5977, 208
278, 0, 21, 52, 51, 8, 0.32%, 12, 4, 3, 4.45, 6089, 210
284, 0, 21, 53, 52, 8, 0.32%, 12, 4, 3, 7.72, 6183, 210
289, 0, 21, 53, 52, 8, 0.32%, 12, 4, 3, 13.65, 6337, 210
294, 0, 21, 53, 52, 8, 0.32%, 12, 4, 3, 30.94, 6504, 210
299, 0, 21, 53, 52, 8, 0.32%, 13, 4, 3, 31.66, 6672, 210
304, 0, 21, 54, 53, 8, 0.32%, 13, 4, 3, 38.05, 6855, 210
310, 0, 36, 54, 52, 10, 0.32%, 13, 4, 3, 8.16, 7057, 210
315, 0, 53, 54, 51, 9, 0.32%, 13, 4, 3, 15.67, 7174, 210
321, 0, 53, 55, 52, 9, 0.32%, 13, 4, 4, 1.75, 7287, 210
327, 0, 35, 56, 52, 8, 0.32%, 13, 4, 4, 24.84, 7355, 210
332, 0, 35, 59, 55, 8, 0.32%, 13, 4, 4, 28.78, 7463, 212
337, 0, 35, 60, 56, 8, 0.32%, 13, 5, 4, 40.20, 7600, 212
342, 0, 35, 60, 56, 8, 0.32%, 13, 5, 4, 30.44, 7740, 212
347, 0, 35, 61, 57, 8, 0.32%, 13, 5, 4, 27.67, 7869, 212
352, 0, 61, 62, 56, 8, 0.33%, 14, 5, 4, 32.83, 8026, 217
358, 0, 61, 63, 57, 8, 0.33%, 14, 5, 5, 39.94, 8197, 218
363, 0, 62, 64, 57, 8, 0.33%, 14, 6, 6, 39.76, 8347, 218
368, 0, 28, 65, 57, 7, 0.33%, 14, 6, 6, 43.19, 8567, 218
373, 0, 57, 66, 56, 5, 0.35%, 14, 6, 6, 8.58, 8772, 227
376, 0, 57, 67, 57, 5, 0.35%, 14, 6, 6, 17.96, 8847, 227
